<svg width="32" height="32" viewBox="0 0 32 32" fill="none" xmlns="http://www.w3.org/2000/svg">
<rect width="32" height="32" rx="16" fill="#FBF9FA"/>
<g clip-path="url(#clip0_693_1926)">
<path d="M15.996 7.80194C18.6667 7.80194 18.9802 7.81385 20.0357 7.86148C21.0119 7.90514 21.5397 8.06787 21.8929 8.20679C22.3611 8.38936 22.6944 8.60369 23.0437 8.95297C23.3929 9.30224 23.6111 9.63564 23.7897 10.104C23.9246 10.4572 24.0913 10.9851 24.1349 11.9615C24.1825 13.0173 24.1944 13.3308 24.1944 16.002C24.1944 18.6731 24.1825 18.9867 24.1349 20.0425C24.0913 21.0189 23.9286 21.5467 23.7897 21.9C23.6071 22.3683 23.3929 22.7017 23.0437 23.051C22.6944 23.4003 22.3611 23.6186 21.8929 23.7972C21.5397 23.9321 21.0119 24.0988 20.0357 24.1425C18.9802 24.1901 18.6667 24.202 15.996 24.202C13.3254 24.202 13.0119 24.1901 11.9563 24.1425C10.9802 24.0988 10.4524 23.9361 10.0992 23.7972C9.63095 23.6146 9.29762 23.4003 8.94841 23.051C8.59921 22.7017 8.38095 22.3683 8.20238 21.9C8.06746 21.5467 7.90079 21.0189 7.85714 20.0425C7.80952 18.9867 7.79762 18.6731 7.79762 16.002C7.79762 13.3308 7.80952 13.0173 7.85714 11.9615C7.90079 10.9851 8.06349 10.4572 8.20238 10.104C8.38492 9.63564 8.59921 9.30224 8.94841 8.95297C9.29762 8.60369 9.63095 8.38539 10.0992 8.20679C10.4524 8.07184 10.9802 7.90514 11.9563 7.86148C13.0119 7.80988 13.3294 7.80194 15.996 7.80194ZM15.996 6C13.2817 6 12.9405 6.01191 11.873 6.05954C10.8095 6.10716 10.0833 6.27783 9.44841 6.52391C8.78968 6.77793 8.23413 7.12324 7.67857 7.6789C7.12302 8.23457 6.78175 8.79421 6.52381 9.4491C6.27778 10.0841 6.10714 10.8105 6.05952 11.8782C6.0119 12.9419 6 13.2832 6 15.998C6 18.7128 6.0119 19.0542 6.05952 20.1218C6.10714 21.1856 6.27778 21.9119 6.52381 22.5509C6.77778 23.2098 7.12302 23.7654 7.67857 24.3211C8.23413 24.8768 8.79365 25.2181 9.44841 25.4761C10.0833 25.7222 10.8095 25.8928 11.877 25.9405C12.9444 25.9881 13.2817 26 16 26C18.7183 26 19.0556 25.9881 20.123 25.9405C21.1865 25.8928 21.9127 25.7222 22.5516 25.4761C23.2103 25.2221 23.7659 24.8768 24.3214 24.3211C24.877 23.7654 25.2183 23.2058 25.4762 22.5509C25.7222 21.9159 25.8929 21.1895 25.9405 20.1218C25.9881 19.0542 26 18.7168 26 15.998C26 13.2792 25.9881 12.9419 25.9405 11.8742C25.8929 10.8105 25.7222 10.0841 25.4762 9.44513C25.2222 8.78627 24.877 8.2306 24.3214 7.67494C23.7659 7.11927 23.2064 6.77793 22.5516 6.51994C21.9167 6.27386 21.1905 6.1032 20.123 6.05557C19.0516 6.01191 18.7103 6 15.996 6Z" fill="#710916"/>
<path d="M15.996 7.80194C18.6667 7.80194 18.9802 7.81385 20.0357 7.86148C21.0119 7.90514 21.5397 8.06787 21.8929 8.20679C22.3611 8.38936 22.6944 8.60369 23.0437 8.95297C23.3929 9.30224 23.6111 9.63564 23.7897 10.104C23.9246 10.4572 24.0913 10.9851 24.1349 11.9615C24.1825 13.0173 24.1944 13.3308 24.1944 16.002C24.1944 18.6731 24.1825 18.9867 24.1349 20.0425C24.0913 21.0189 23.9286 21.5467 23.7897 21.9C23.6071 22.3683 23.3929 22.7017 23.0437 23.051C22.6944 23.4003 22.3611 23.6186 21.8929 23.7972C21.5397 23.9321 21.0119 24.0988 20.0357 24.1425C18.9802 24.1901 18.6667 24.202 15.996 24.202C13.3254 24.202 13.0119 24.1901 11.9563 24.1425C10.9802 24.0988 10.4524 23.9361 10.0992 23.7972C9.63095 23.6146 9.29762 23.4003 8.94841 23.051C8.59921 22.7017 8.38095 22.3683 8.20238 21.9C8.06746 21.5467 7.90079 21.0189 7.85714 20.0425C7.80952 18.9867 7.79762 18.6731 7.79762 16.002C7.79762 13.3308 7.80952 13.0173 7.85714 11.9615C7.90079 10.9851 8.06349 10.4572 8.20238 10.104C8.38492 9.63564 8.59921 9.30224 8.94841 8.95297C9.29762 8.60369 9.63095 8.38539 10.0992 8.20679C10.4524 8.07184 10.9802 7.90514 11.9563 7.86148C13.0119 7.80988 13.3294 7.80194 15.996 7.80194Z" fill="#710916"/>
<path d="M16 11C13.2411 11 11 13.2372 11 16C11 18.7628 13.2372 21 16 21C18.7628 21 21 18.7628 21 16C21 13.2372 18.7628 11 16 11ZM16 19.2419C14.2071 19.2419 12.7543 17.789 12.7543 15.9961C12.7543 14.2032 14.2071 12.7504 16 12.7504C17.7929 12.7504 19.2457 14.2032 19.2457 15.9961C19.2457 17.789 17.7929 19.2419 16 19.2419Z" fill="#FBF9FA"/>
<path d="M21 11C21.5523 11 22 10.5523 22 10C22 9.44772 21.5523 9 21 9C20.4477 9 20 9.44772 20 10C20 10.5523 20.4477 11 21 11Z" fill="#FBF9FA"/>
</g>
<defs>
<clipPath id="clip0_693_1926">
<rect width="20" height="20" fill="white" transform="translate(6 6)"/>
</clipPath>
</defs>
</svg>
